0
69
77
81
88
72
86
75
71
78
83
80
85
68
82
59
73
67
69
61
61
63
72
74
64
70
71
69
81
61
57
63
47
56
52
62
73
66
50
69
58
64
67
57
53
54
54
69
48
58
63
51
63
57
55
42
44
34
39
56
68
56
40
61
55
38
46
41
51
41
56
33
52
54
44
46
42
41
48
47
52
40
48
42
34
39
46
34
37
43
31
36
42
45
33
41
30
41
30
32
40
34
35
37
35
27
35
40
38
33
27
33
25
27
23
28
29
20
32
32
31
32
28
29
30
27
32
23
28
24
28
35
28
37
21
15
33
28
21
23
31
30
20
31
22
25
27
24
19
23
21
24
32
21
23
23
23
17
18
28
22
16
22
20
10
20
13
18
14
18
16
25
30
18
17
21
17
17
14
14
14
20
19
16
13
22
22
19
17
15
19
12
9
17
13
17
21
20
16
18
12
14
14
15
13
26
12
14
7
20
16
11
11
13
16
10
12
7
19
15
15
12
16
11
13
10
13
17
18
13
18
15
9
11
5
14
13
16
11
11
8
11
10
9
11
11
11
11
12
8
12
9
11
8
11
12
12
12
8
11
11
10
4
12
9
10
7
10
8
10
9
13
10
11
4
14
10
15
10
5
8
11
9
6
5
4
11
6
9
10
10
11
9
6
9
7
8
9
12
11
7
